864
958
961
205
302
690
365
975
79
281
264
492
213
825
682
992
360
562
201
530
938
551
96
579
464
199
402
793
716
880
116
77
183
536
625
109
573
343
479
751
321
4
6
44
255
362
673
20
248
814
101
723
976
936
670
103
435
396
873
389
782
836
260
896
355
899
418
916
177
147
349
448
126
471
840
995
517
19
946
7
623
693
97
624
457
747
671
386
725
494
165
395
569
175
334
775
960
876
356
316
120
452
423
979
468
470
868
311
256
288
179
796
104
83
547
563
789
21
58
787
827
863
878
606
35
761
216
292
968
929
290
913
507
808
834
424
558
224
70
669
124
805
881
242
986
842
683
405
783
450
390
23
254
251
358
541
978
935
28
708
459
361
643
780
721
972
631
660
626
688
988
156
589
596
438
230
932
490
373
462
376
54
3
888
253
767
756
601
188
378
344
78
616
391
570
526
522
559
268
431
367
26
319
771
112
400
687
98
661
209
118
874
228
10
785
163
414
549
955
127
578
325
681
8
184
134
584
740
66
240
850
63
477
926
299
300
940
141
277
451
818
0
283
202
297
609
449
760
43
166
662
102
820
22
129
432
826
274
741
437
258
991
904
593
39
614
620
151
138
478
712
865
122
239
206
198
76
226
612
263
580
131
174
766
748
136
148
749
12
583
167
511
781
436
312
338
845
236
841
504
642
399
455
812
906
233
93
447
590
920
529
843
257
993
901
502
856
241
600
533
733
726
388
923
381
790
965
173
608
556
576
269
604
822
208
745
371
342
503
632
817
851
197
713
698
139
172
994
933
675
185
64
635
615
985
49
152
828
803
691
220
719
952
640
989
821
335
746
855
426
211
294
706
145
736
621
84
607
802
909
548
191
861
99
871
666
633
106
247
308
699
107
732
276
192
2
665
679
654
649
895
433
265
375
286
327
354
646
513
15
231
284
678
744
337
100
144
555
280
734
921
90
13
942
282
261
703
272
797
443
42
628
518
967
990
752
427
728
791
194
25
925
849
215
289
393
704
867
650
439
187
51
273
411
397
902
882
322
648
61
453
839
709
714
510
466
641
885
497
323
543
398
520
245
306
481
810
105
742
722
307
516
618
823
412
285
110
700
158
592
41
980
582
68
190
222
773
680
94
605
73
171
696
115
143
169
659
509
363
778
525
259
133
142
69
617
786
996
235
853
645
341
113
252
572
568
429
498
930
313
970
217
595
524
476
912
815
630
729
677
310
463
537
333
351
801
48
697
792
560
45
372
60
430
419
597
999
55
484
652
219
415
5
401
473
627
587
227
440
779
527
374
763
488
394
907
271
487
62
417
911
445
385
200
951
831
564
33
456
581
862
149
755
291
486
324
1
531
860
444
454
317
46
684
762
278
962
409
380
331
833
957
715
922
956
934
954
296
807
658
982
482
441
816
329
588
824
65
326
123
915
465
31
884
886
318
474
809
339
702
638
475
599
777
195
869
657
287
