36.04750415825305
40.77363032158604
-5.8502463315011255
-48.36478410799574
-57.88492858597969
11.410130464342345
-3.97466308354268
-19.14338440403995
-77.13082174264878
92.14524787331655
11.365869221091842
5.140565982757366
69.99308402042644
30.626679307340908
49.35022895359066
-23.338004527393934
22.409612423938015
34.7226376286184
20.472316358283194
87.6636474563297
-67.86258444539104
16.986649935715548
-27.18023238316877
90.77317308574001
46.94583664064061
7.36908166822235
-94.32318622366036
-11.94172018644251
-20.263653114823427
92.23798424417251
-2.3356676322232204
61.82395705667699
-79.2886560538405
81.71744287367275
0.8881212303917749
-82.77366838448046
-59.226097240849576
-92.45328119579048
73.07411191484147
-39.90211297047366
-66.76507114710941
-89.89109470529554
46.427069176399726
-57.050859614355346
45.78689235097983
85.9730662889502
64.95724580619992
77.9321837055121
65.83623339164203
36.239208028499604
61.277087972536606
-62.37821124017913
-60.33071897579334
-18.82936621398295
89.37809484877067
-57.20986957822698
29.55928464866301
-11.956317353794319
81.65557955105828
70.921431622153
42.805196915033946
96.84004817321784
-43.54299699165398
-89.96680983670464
2.8252726424731236
-77.64772916329612
-33.31267081459373
-70.55902300256619
-25.18818291253173
-38.53177628590747
-49.487333168242365
42.42404641263116
-92.91417888672962
40.845842733821655
-78.03878765323952
-4.6806532695856475
-95.8266748894181
-97.11548626411108
22.22848547699705
33.39188215686758
-91.24201035840626
46.84501196848822
41.751449409085666
65.89956160840987
-62.9527391965135
17.165024760381826
-81.37593151305806
-18.908889211525633
85.72226711959917
-37.537251459482505
20.684670647469147
46.44590526953286
-91.47552961015819
76.41630663789783
26.613141772272584
70.28478828287626
46.66480542243772
75.65197810093622
35.634027897515494
-2.048557154471183
